# (q, i) data generated for insulin dimer (PDB: 2A3G) using CRYSOL with standard
# and normalized to I0 = 1.
# (i_exp, i_std) generated by adding noise with normal distribution with
# ammplitude of 0.01.
# q [1/A], i_exp(q) [a.u.], i_std(q) [a.u.]
0	1.00858326534884	0.0100000000000000
0.00100000000000000	0.995107536979360	0.0100000000000000
0.00200000000000000	1.01458759658129	0.0100000000000000
0.00300000000000000	0.993025241861200	0.0100000000000000
0.00400000000000000	0.992858424488273	0.0100000000000000
0.00500000000000000	0.991843176116987	0.0100000000000000
0.00600000000000000	1.00087822384293	0.0100000000000000
0.00700000000000000	1.00940230470799	0.0100000000000000
0.00800000000000000	0.998897337270917	0.0100000000000000
0.00900000000000000	1.00170392374781	0.0100000000000000
0.0100000000000000	1.00513562123570	0.0100000000000000
0.0110000000000000	0.989751635326175	0.0100000000000000
0.0120000000000000	0.998827246127190	0.0100000000000000
0.0130000000000000	0.986258710219768	0.0100000000000000
0.0140000000000000	1.00652246778665	0.0100000000000000
0.0150000000000000	0.986001901735910	0.0100000000000000
0.0160000000000000	0.975670460636539	0.0100000000000000
0.0170000000000000	0.979751493177144	0.0100000000000000
0.0180000000000000	0.968870665280647	0.0100000000000000
0.0190000000000000	0.958267316417895	0.0100000000000000
0.0200000000000000	0.974172557229885	0.0100000000000000
0.0210000000000000	0.970081243550841	0.0100000000000000
0.0220000000000000	0.971184880030516	0.0100000000000000
0.0230000000000000	0.952967005390784	0.0100000000000000
0.0240000000000000	0.950016549529685	0.0100000000000000
0.0250000000000000	0.949668005411936	0.0100000000000000
0.0260000000000000	0.940899182339154	0.0100000000000000
0.0270000000000000	0.974107251386114	0.0100000000000000
0.0280000000000000	0.947065032741284	0.0100000000000000
0.0290000000000000	0.932814798761310	0.0100000000000000
0.0300000000000000	0.939478153524442	0.0100000000000000
0.0310000000000000	0.943265960654402	0.0100000000000000
0.0320000000000000	0.933391185589827	0.0100000000000000
0.0330000000000000	0.931308978964580	0.0100000000000000
0.0340000000000000	0.922356669570738	0.0100000000000000
0.0350000000000000	0.897767223065964	0.0100000000000000
0.0360000000000000	0.900411921238098	0.0100000000000000
0.0370000000000000	0.913683735461331	0.0100000000000000
0.0380000000000000	0.896061636602067	0.0100000000000000
0.0390000000000000	0.895490692344691	0.0100000000000000
0.0400000000000000	0.893193354755404	0.0100000000000000
0.0410000000000000	0.872080853453165	0.0100000000000000
0.0420000000000000	0.878742914257050	0.0100000000000000
0.0430000000000000	0.866942890010280	0.0100000000000000
0.0440000000000000	0.850906880046479	0.0100000000000000
0.0450000000000000	0.863844178043042	0.0100000000000000
0.0460000000000000	0.845643124247046	0.0100000000000000
0.0470000000000000	0.843133208276406	0.0100000000000000
0.0480000000000000	0.828765529781763	0.0100000000000000
0.0490000000000000	0.830039568380375	0.0100000000000000
0.0500000000000000	0.834294565541663	0.0100000000000000
0.0510000000000000	0.839366156758724	0.0100000000000000
0.0520000000000000	0.806009276662852	0.0100000000000000
0.0530000000000000	0.814376694095675	0.0100000000000000
0.0540000000000000	0.809684460055570	0.0100000000000000
0.0550000000000000	0.808348888847611	0.0100000000000000
0.0560000000000000	0.803894936847159	0.0100000000000000
0.0570000000000000	0.773562553527549	0.0100000000000000
0.0580000000000000	0.778501544972585	0.0100000000000000
0.0590000000000000	0.783399320180596	0.0100000000000000
0.0600000000000000	0.769689372991129	0.0100000000000000
0.0610000000000000	0.771328627726637	0.0100000000000000
0.0620000000000000	0.762532181733845	0.0100000000000000
0.0630000000000000	0.766794860361950	0.0100000000000000
0.0640000000000000	0.710100590596730	0.0100000000000000
0.0650000000000000	0.725880669543835	0.0100000000000000
0.0660000000000000	0.718668842571487	0.0100000000000000
0.0670000000000000	0.700632603194017	0.0100000000000000
0.0680000000000000	0.702434283503107	0.0100000000000000
0.0690000000000000	0.714614225738931	0.0100000000000000
0.0700000000000000	0.693697494997669	0.0100000000000000
0.0710000000000000	0.695393760609759	0.0100000000000000
0.0720000000000000	0.694791009715253	0.0100000000000000
0.0730000000000000	0.668170473305005	0.0100000000000000
0.0740000000000000	0.659585411842486	0.0100000000000000
0.0750000000000000	0.643099265560858	0.0100000000000000
0.0760000000000000	0.646066825040440	0.0100000000000000
0.0770000000000000	0.634249165564489	0.0100000000000000
0.0780000000000000	0.631746508020458	0.0100000000000000
0.0790000000000000	0.624217027831248	0.0100000000000000
0.0800000000000000	0.611712942707975	0.0100000000000000
0.0810000000000000	0.600070220971410	0.0100000000000000
0.0820000000000000	0.600254126552954	0.0100000000000000
0.0830000000000000	0.596694467171907	0.0100000000000000
0.0840000000000000	0.580105446218058	0.0100000000000000
0.0850000000000000	0.585105018814726	0.0100000000000000
0.0860000000000000	0.572668326370218	0.0100000000000000
0.0870000000000000	0.564036539149940	0.0100000000000000
0.0880000000000000	0.568303705553689	0.0100000000000000
0.0890000000000000	0.574804496962186	0.0100000000000000
0.0900000000000000	0.552791695427004	0.0100000000000000
0.0910000000000000	0.543327788582476	0.0100000000000000
0.0920000000000000	0.529553244991361	0.0100000000000000
0.0930000000000000	0.523428620144055	0.0100000000000000
0.0940000000000000	0.520592561681105	0.0100000000000000
0.0950000000000000	0.501922041155481	0.0100000000000000
0.0960000000000000	0.485225892155688	0.0100000000000000
0.0970000000000000	0.497168295894165	0.0100000000000000
0.0980000000000000	0.478616788405924	0.0100000000000000
0.0990000000000000	0.482360213139111	0.0100000000000000
0.100000000000000	0.462941046887099	0.0100000000000000
0.101000000000000	0.451568300487135	0.0100000000000000
0.102000000000000	0.442963265373112	0.0100000000000000
0.103000000000000	0.452742767129660	0.0100000000000000
0.104000000000000	0.462450422121492	0.0100000000000000
0.105000000000000	0.437925037463942	0.0100000000000000
0.106000000000000	0.433880410709480	0.0100000000000000
0.107000000000000	0.423517048941115	0.0100000000000000
0.108000000000000	0.417529107444315	0.0100000000000000
0.109000000000000	0.432080954018987	0.0100000000000000
0.110000000000000	0.393857182435838	0.0100000000000000
0.111000000000000	0.393376755487709	0.0100000000000000
0.112000000000000	0.381576460525083	0.0100000000000000
0.113000000000000	0.388854064002858	0.0100000000000000
0.114000000000000	0.377720882272461	0.0100000000000000
0.115000000000000	0.365403897058549	0.0100000000000000
0.116000000000000	0.369663758358121	0.0100000000000000
0.117000000000000	0.345810453015701	0.0100000000000000
0.118000000000000	0.350741883914863	0.0100000000000000
0.119000000000000	0.345290916939036	0.0100000000000000
0.120000000000000	0.352825729093804	0.0100000000000000
0.121000000000000	0.336336104911575	0.0100000000000000
0.122000000000000	0.325203966442732	0.0100000000000000
0.123000000000000	0.305441975430170	0.0100000000000000
0.124000000000000	0.298200278704335	0.0100000000000000
0.125000000000000	0.312929774270993	0.0100000000000000
0.126000000000000	0.294200557519721	0.0100000000000000
0.127000000000000	0.293034894051470	0.0100000000000000
0.128000000000000	0.281063168957051	0.0100000000000000
0.129000000000000	0.285951015247166	0.0100000000000000
0.130000000000000	0.280858208225481	0.0100000000000000
0.131000000000000	0.290539120070246	0.0100000000000000
0.132000000000000	0.285850606069394	0.0100000000000000
0.133000000000000	0.272937525510777	0.0100000000000000
0.134000000000000	0.267878792387623	0.0100000000000000
0.135000000000000	0.240129348169165	0.0100000000000000
0.136000000000000	0.259440320339854	0.0100000000000000
0.137000000000000	0.232193418251888	0.0100000000000000
0.138000000000000	0.220610908081352	0.0100000000000000
0.139000000000000	0.263334252561035	0.0100000000000000
0.140000000000000	0.229995068702019	0.0100000000000000
0.141000000000000	0.215386067924244	0.0100000000000000
0.142000000000000	0.217372097682812	0.0100000000000000
0.143000000000000	0.213330701935708	0.0100000000000000
0.144000000000000	0.187358461379390	0.0100000000000000
0.145000000000000	0.196392065741964	0.0100000000000000
0.146000000000000	0.204399299019114	0.0100000000000000
0.147000000000000	0.195090736416614	0.0100000000000000
0.148000000000000	0.173805652749657	0.0100000000000000
0.149000000000000	0.181288985213701	0.0100000000000000
0.150000000000000	0.180541934586017	0.0100000000000000
0.151000000000000	0.178764335125128	0.0100000000000000
0.152000000000000	0.157140712130671	0.0100000000000000
0.153000000000000	0.172528374797616	0.0100000000000000
0.154000000000000	0.181380795579719	0.0100000000000000
0.155000000000000	0.146346368946150	0.0100000000000000
0.156000000000000	0.162912975299181	0.0100000000000000
0.157000000000000	0.168280457083763	0.0100000000000000
0.158000000000000	0.155033397824537	0.0100000000000000
0.159000000000000	0.153573648434897	0.0100000000000000
0.160000000000000	0.139451513211228	0.0100000000000000
0.161000000000000	0.138935024377956	0.0100000000000000
0.162000000000000	0.125989932655912	0.0100000000000000
0.163000000000000	0.132937025413042	0.0100000000000000
0.164000000000000	0.125405080849334	0.0100000000000000
0.165000000000000	0.121193631347378	0.0100000000000000
0.166000000000000	0.139152365732083	0.0100000000000000
0.167000000000000	0.120477725378717	0.0100000000000000
0.168000000000000	0.124977985295961	0.0100000000000000
0.169000000000000	0.119523291297705	0.0100000000000000
0.170000000000000	0.102773519963614	0.0100000000000000
0.171000000000000	0.0912362514237664	0.0100000000000000
0.172000000000000	0.0930686721506787	0.0100000000000000
0.173000000000000	0.107495688246902	0.0100000000000000
0.174000000000000	0.0991125504117950	0.0100000000000000
0.175000000000000	0.107164695278808	0.0100000000000000
0.176000000000000	0.0932722355081699	0.0100000000000000
0.177000000000000	0.0814061050433910	0.0100000000000000
0.178000000000000	0.0932052539345829	0.0100000000000000
0.179000000000000	0.100919623671134	0.0100000000000000
0.180000000000000	0.0902839644241923	0.0100000000000000
0.181000000000000	0.0835436278154895	0.0100000000000000
0.182000000000000	0.0790193772585735	0.0100000000000000
0.183000000000000	0.0937866024336677	0.0100000000000000
0.184000000000000	0.0881759443765672	0.0100000000000000
0.185000000000000	0.0727133658570449	0.0100000000000000
0.186000000000000	0.0615721398951375	0.0100000000000000
0.187000000000000	0.0639746598629651	0.0100000000000000
0.188000000000000	0.0745650771125654	0.0100000000000000
0.189000000000000	0.0584741533821145	0.0100000000000000
0.190000000000000	0.0637446935158850	0.0100000000000000
0.191000000000000	0.0646489717618999	0.0100000000000000
0.192000000000000	0.0575789711114428	0.0100000000000000
0.193000000000000	0.0562787213137699	0.0100000000000000
0.194000000000000	0.0586501210510692	0.0100000000000000
0.195000000000000	0.0538362842619136	0.0100000000000000
0.196000000000000	0.0443945371186864	0.0100000000000000
0.197000000000000	0.0636959692666450	0.0100000000000000
0.198000000000000	0.0456868942862172	0.0100000000000000
0.199000000000000	0.0638238480970211	0.0100000000000000
0.200000000000000	0.0486685679135388	0.0100000000000000
0.201000000000000	0.0476901365701141	0.0100000000000000
0.202000000000000	0.0624274824627063	0.0100000000000000
0.203000000000000	0.0508213028435048	0.0100000000000000
0.204000000000000	0.0429611930323589	0.0100000000000000
0.205000000000000	0.0375220655418465	0.0100000000000000
0.206000000000000	0.0394607098587579	0.0100000000000000
0.207000000000000	0.0475061350512232	0.0100000000000000
0.208000000000000	0.0508844693040849	0.0100000000000000
0.209000000000000	0.0418305954435388	0.0100000000000000
0.210000000000000	0.0353892358104886	0.0100000000000000
0.211000000000000	0.0426707882635481	0.0100000000000000
0.212000000000000	0.0450555059115321	0.0100000000000000
0.213000000000000	0.0331823490184801	0.0100000000000000
0.214000000000000	0.0509135385974377	0.0100000000000000
0.215000000000000	0.0319501288339327	0.0100000000000000
0.216000000000000	0.0437131980509543	0.0100000000000000
0.217000000000000	0.0435765421901450	0.0100000000000000
0.218000000000000	0.0336475751030965	0.0100000000000000
0.219000000000000	0.0314476237263710	0.0100000000000000
0.220000000000000	0.0402512585189642	0.0100000000000000
0.221000000000000	0.0127548244145373	0.0100000000000000
0.222000000000000	0.0304118051909307	0.0100000000000000
0.223000000000000	0.0300710017591533	0.0100000000000000
0.224000000000000	0.0323622928229629	0.0100000000000000
0.225000000000000	0.0192057143697982	0.0100000000000000
0.226000000000000	0.0133209019000412	0.0100000000000000
0.227000000000000	0.000427173058334403	0.0100000000000000
0.228000000000000	0.0316696172875541	0.0100000000000000
0.229000000000000	0.0364252220951978	0.0100000000000000
0.230000000000000	0.0206468189075444	0.0100000000000000
0.231000000000000	0.0483461754286985	0.0100000000000000
0.232000000000000	0.0176233303748691	0.0100000000000000
0.233000000000000	0.0104172569796525	0.0100000000000000
0.234000000000000	0.0215866316426315	0.0100000000000000
0.235000000000000	0.0236307318363812	0.0100000000000000
0.236000000000000	0.0289413126055628	0.0100000000000000
0.237000000000000	0.0228880808918012	0.0100000000000000
0.238000000000000	0.0136160240817789	0.0100000000000000
0.239000000000000	0.00561079335375106	0.0100000000000000
0.240000000000000	0.0145766304949226	0.0100000000000000
0.241000000000000	0.00642207757536117	0.0100000000000000
0.242000000000000	0.0269244526917674	0.0100000000000000
0.243000000000000	0.0182938238146192	0.0100000000000000
0.244000000000000	0.000453950079044353	0.0100000000000000
0.245000000000000	0.0223057214824791	0.0100000000000000
0.246000000000000	0.00910305732579298	0.0100000000000000
0.247000000000000	0.0315194836607736	0.0100000000000000
0.248000000000000	0.0182371374276501	0.0100000000000000
0.249000000000000	0.0197175292052692	0.0100000000000000
0.250000000000000	0.00927166988565759	0.0100000000000000
0.251000000000000	0.0221058623862478	0.0100000000000000
0.252000000000000	0.0172646390288904	0.0100000000000000
0.253000000000000	0.0185265722396194	0.0100000000000000
0.254000000000000	0.0129205480779058	0.0100000000000000
0.255000000000000	0.0223243238881807	0.0100000000000000
0.256000000000000	-0.00872569553774715	0.0100000000000000
0.257000000000000	0.0171073183480533	0.0100000000000000
0.258000000000000	0.0257248409277081	0.0100000000000000
0.259000000000000	0.0131361877547011	0.0100000000000000
0.260000000000000	0.0206319242840234	0.0100000000000000
0.261000000000000	0.00871079761281535	0.0100000000000000
0.262000000000000	0.0162155934293705	0.0100000000000000
0.263000000000000	0.00847770718357457	0.0100000000000000
0.264000000000000	0.0256038431438085	0.0100000000000000
0.265000000000000	0.0186957016198619	0.0100000000000000
0.266000000000000	0.0276046798295987	0.0100000000000000
0.267000000000000	0.0132832393671824	0.0100000000000000
0.268000000000000	0.0129692311425126	0.0100000000000000
0.269000000000000	0.0165627457994305	0.0100000000000000
0.270000000000000	0.0277866946065582	0.0100000000000000
0.271000000000000	-0.0107200053020464	0.0100000000000000
0.272000000000000	-0.00369994052977684	0.0100000000000000
0.273000000000000	0.0256225666429692	0.0100000000000000
0.274000000000000	0.0317849630065933	0.0100000000000000
0.275000000000000	0.0107014791218946	0.0100000000000000
0.276000000000000	0.0261918051613158	0.0100000000000000
0.277000000000000	0.0342648458104791	0.0100000000000000
0.278000000000000	0.0143737410380326	0.0100000000000000
0.279000000000000	0.00783990717730439	0.0100000000000000
0.280000000000000	0.00754599875910161	0.0100000000000000
0.281000000000000	0.00968373758667592	0.0100000000000000
0.282000000000000	0.0201630681429403	0.0100000000000000
0.283000000000000	0.0104051934075952	0.0100000000000000
0.284000000000000	0.0324240994111586	0.0100000000000000
0.285000000000000	0.00859744797989818	0.0100000000000000
0.286000000000000	0.00478276336467777	0.0100000000000000
0.287000000000000	0.0173372972178063	0.0100000000000000
0.288000000000000	0.0141996028330512	0.0100000000000000
0.289000000000000	0.0164296676613041	0.0100000000000000
0.290000000000000	-0.00917302676438349	0.0100000000000000
0.291000000000000	0.0102304639706837	0.0100000000000000
0.292000000000000	-0.00663675553894880	0.0100000000000000
0.293000000000000	0.0135230893156183	0.0100000000000000
0.294000000000000	0.0192939873401908	0.0100000000000000
0.295000000000000	0.0234173440892734	0.0100000000000000
0.296000000000000	0.0191316529313738	0.0100000000000000
0.297000000000000	0.0164261043108211	0.0100000000000000
0.298000000000000	0.0193258925013130	0.0100000000000000
0.299000000000000	0.0109938927452940	0.0100000000000000
0.300000000000000	0.0111671846175620	0.0100000000000000
0.301000000000000	0.0217510377497364	0.0100000000000000
0.302000000000000	0.0224163397797218	0.0100000000000000
0.303000000000000	0.00683464483020652	0.0100000000000000
0.304000000000000	-0.00642789576919664	0.0100000000000000
0.305000000000000	-0.0114039925852969	0.0100000000000000
0.306000000000000	-0.00466987328419196	0.0100000000000000
0.307000000000000	0.00156415189447384	0.0100000000000000
0.308000000000000	0.0160472202283171	0.0100000000000000
0.309000000000000	0.00383092668847328	0.0100000000000000
0.310000000000000	0.0107514330699804	0.0100000000000000
0.311000000000000	0.0153161802017608	0.0100000000000000
0.312000000000000	-0.00222042251615065	0.0100000000000000
0.313000000000000	0.00316055792390266	0.0100000000000000
0.314000000000000	0.00419243403642369	0.0100000000000000
0.315000000000000	0.00369334237491706	0.0100000000000000
0.316000000000000	0.00734548757553581	0.0100000000000000
0.317000000000000	0.0196382156625163	0.0100000000000000
0.318000000000000	0.00672177845598744	0.0100000000000000
0.319000000000000	0.0187712255987232	0.0100000000000000
0.320000000000000	0.0152645207957419	0.0100000000000000
0.321000000000000	0.0138143727008173	0.0100000000000000
0.322000000000000	0.0216820700531492	0.0100000000000000
0.323000000000000	0.0333706545109123	0.0100000000000000
0.324000000000000	0.0266809445112512	0.0100000000000000
0.325000000000000	-0.00379294617287465	0.0100000000000000
0.326000000000000	0.0173874917654096	0.0100000000000000
0.327000000000000	-0.000338079199188646	0.0100000000000000
0.328000000000000	-0.00793450043011428	0.0100000000000000
0.329000000000000	0.000110417201952765	0.0100000000000000
0.330000000000000	-0.00955666048889313	0.0100000000000000
0.331000000000000	0.000995546035482029	0.0100000000000000
0.332000000000000	0.0258978820086753	0.0100000000000000
0.333000000000000	0.00763740872335976	0.0100000000000000
0.334000000000000	0.0392575160932260	0.0100000000000000
0.335000000000000	0.0164071364437306	0.0100000000000000
0.336000000000000	0.0225881288969984	0.0100000000000000
0.337000000000000	0.0111378958495764	0.0100000000000000
0.338000000000000	0.00985221909146693	0.0100000000000000
0.339000000000000	0.00486481588170050	0.0100000000000000
0.340000000000000	0.0143575131045039	0.0100000000000000
0.341000000000000	-0.00202889339815988	0.0100000000000000
0.342000000000000	0.00435110287954484	0.0100000000000000
0.343000000000000	0.00221096005086587	0.0100000000000000
0.344000000000000	0.0146381248695716	0.0100000000000000
0.345000000000000	0.0281653282380551	0.0100000000000000
0.346000000000000	0.0346331346457243	0.0100000000000000
0.347000000000000	-0.00444770507715172	0.0100000000000000
0.348000000000000	0.0166280974751763	0.0100000000000000
0.349000000000000	0.00667068918677148	0.0100000000000000
0.350000000000000	0.00244774205743311	0.0100000000000000
0.351000000000000	0.0143468188820156	0.0100000000000000
0.352000000000000	0.00864450762800249	0.0100000000000000
0.353000000000000	0.0139240186432596	0.0100000000000000
0.354000000000000	0.0211471436678756	0.0100000000000000
0.355000000000000	0.00415598228963523	0.0100000000000000
0.356000000000000	0.0120317643850762	0.0100000000000000
0.357000000000000	-0.00339723818590608	0.0100000000000000
0.358000000000000	0.00982055576490856	0.0100000000000000
0.359000000000000	0.0235875971064317	0.0100000000000000
0.360000000000000	-0.00371268864383244	0.0100000000000000
0.361000000000000	0.0176971739237785	0.0100000000000000
0.362000000000000	0.000312120888081729	0.0100000000000000
0.363000000000000	0.0160646082253380	0.0100000000000000
0.364000000000000	0.00941328402639367	0.0100000000000000
0.365000000000000	0.0111713737790651	0.0100000000000000
0.366000000000000	-0.00204274475490021	0.0100000000000000
0.367000000000000	0.00492370174947595	0.0100000000000000
0.368000000000000	0.0121412788871124	0.0100000000000000
0.369000000000000	0.0148242450451664	0.0100000000000000
0.370000000000000	0.0122290163836005	0.0100000000000000
0.371000000000000	0.00776327735164210	0.0100000000000000
0.372000000000000	0.0274931429455804	0.0100000000000000
0.373000000000000	0.0122937140873074	0.0100000000000000
0.374000000000000	0.00650869826436011	0.0100000000000000
0.375000000000000	0.00670911367286814	0.0100000000000000
0.376000000000000	0.0135660177052460	0.0100000000000000
0.377000000000000	0.0236369670729164	0.0100000000000000
0.378000000000000	0.0101246724115361	0.0100000000000000
0.379000000000000	0.0231078295778868	0.0100000000000000
0.380000000000000	0.0166776483314435	0.0100000000000000
0.381000000000000	0.00879784250673362	0.0100000000000000
0.382000000000000	0.00627588539227346	0.0100000000000000
0.383000000000000	0.0162369565574565	0.0100000000000000
0.384000000000000	0.0134438954304798	0.0100000000000000
0.385000000000000	0.00543928037952142	0.0100000000000000
0.386000000000000	0.00655608652051923	0.0100000000000000
0.387000000000000	0.0198993300209923	0.0100000000000000
0.388000000000000	0.0197313978921234	0.0100000000000000
0.389000000000000	0.0114058692610746	0.0100000000000000
0.390000000000000	0.0227844078849152	0.0100000000000000
0.391000000000000	0.0110251576199171	0.0100000000000000
0.392000000000000	0.0133692441228385	0.0100000000000000
0.393000000000000	0.0268703055887020	0.0100000000000000
0.394000000000000	0.00911893680073178	0.0100000000000000
0.395000000000000	-0.00591717351256258	0.0100000000000000
0.396000000000000	0.00161595623691871	0.0100000000000000
0.397000000000000	0.0174037981947252	0.0100000000000000
0.398000000000000	0.0123261167757229	0.0100000000000000
0.399000000000000	0.0419843788513561	0.0100000000000000
0.400000000000000	0.000305257373826156	0.0100000000000000
0.401000000000000	0.0120005891899438	0.0100000000000000
0.402000000000000	0.0148232503353974	0.0100000000000000
0.403000000000000	0.000662023647324534	0.0100000000000000
0.404000000000000	0.0251699740113186	0.0100000000000000
0.405000000000000	0.0217934362517099	0.0100000000000000
0.406000000000000	0.0297569306749263	0.0100000000000000
0.407000000000000	0.0211759534584058	0.0100000000000000
0.408000000000000	-0.0212302697784890	0.0100000000000000
0.409000000000000	0.00456973872752458	0.0100000000000000
0.410000000000000	0.0173253701338253	0.0100000000000000
0.411000000000000	0.00602218032123973	0.0100000000000000
0.412000000000000	0.0169702841917290	0.0100000000000000
0.413000000000000	0.0134362821383689	0.0100000000000000
0.414000000000000	0.00858401492616960	0.0100000000000000
0.415000000000000	0.0146983035685729	0.0100000000000000
0.416000000000000	0.0191045753761197	0.0100000000000000
0.417000000000000	0.0253612666366877	0.0100000000000000
0.418000000000000	0.00494475938646763	0.0100000000000000
0.419000000000000	0.00811882695469782	0.0100000000000000
0.420000000000000	0.00658096337393552	0.0100000000000000
0.421000000000000	0.0222156322967518	0.0100000000000000
0.422000000000000	0.0294107533931387	0.0100000000000000
0.423000000000000	0.0241880743464638	0.0100000000000000
0.424000000000000	0.0269859477614419	0.0100000000000000
0.425000000000000	0.0160121089829787	0.0100000000000000
0.426000000000000	0.00544457153324095	0.0100000000000000
0.427000000000000	0.0202000149354005	0.0100000000000000
0.428000000000000	0.0306059381916702	0.0100000000000000
0.429000000000000	0.0183410678105818	0.0100000000000000
0.430000000000000	0.0225097149734559	0.0100000000000000
0.431000000000000	-0.00228142309129206	0.0100000000000000
0.432000000000000	0.0187988314041991	0.0100000000000000
0.433000000000000	0.0114826620207334	0.0100000000000000
0.434000000000000	0.0184877667501819	0.0100000000000000
0.435000000000000	0.0256538481144404	0.0100000000000000
0.436000000000000	0.00642242893512439	0.0100000000000000
0.437000000000000	0.0278054709405332	0.0100000000000000
0.438000000000000	0.00324084461987248	0.0100000000000000
0.439000000000000	0.0130108429060464	0.0100000000000000
0.440000000000000	0.0155989809152739	0.0100000000000000
0.441000000000000	0.0231237395938140	0.0100000000000000
0.442000000000000	0.00914938045907547	0.0100000000000000
0.443000000000000	0.00294665547095366	0.0100000000000000
0.444000000000000	0.0263954722793410	0.0100000000000000
0.445000000000000	0.0157789453176171	0.0100000000000000
0.446000000000000	-0.00706179448919659	0.0100000000000000
0.447000000000000	0.0151962206806984	0.0100000000000000
0.448000000000000	-0.00508731541306600	0.0100000000000000
0.449000000000000	0.0197487473360285	0.0100000000000000
0.450000000000000	0.0256317995415661	0.0100000000000000
0.451000000000000	0.00985241253978924	0.0100000000000000
0.452000000000000	0.00251602212766921	0.0100000000000000
0.453000000000000	0.0237886602589182	0.0100000000000000
0.454000000000000	0.00633144165012146	0.0100000000000000
0.455000000000000	0.00317263997504668	0.0100000000000000
0.456000000000000	-0.00134165656303416	0.0100000000000000
0.457000000000000	-0.00348197006394463	0.0100000000000000
0.458000000000000	0.0138706331450885	0.0100000000000000
0.459000000000000	0.00771364403458352	0.0100000000000000
0.460000000000000	0.0188341520035374	0.0100000000000000
0.461000000000000	0.0103005038502364	0.0100000000000000
0.462000000000000	0.00868874694465545	0.0100000000000000
0.463000000000000	-0.00651084272719566	0.0100000000000000
0.464000000000000	0.00286750438534604	0.0100000000000000
0.465000000000000	0.0115848684969482	0.0100000000000000
0.466000000000000	0.00617771251874667	0.0100000000000000
0.467000000000000	0.0231284194165006	0.0100000000000000
0.468000000000000	-0.00801730644844402	0.0100000000000000
0.469000000000000	0.00840429511095705	0.0100000000000000
0.470000000000000	0.0112816317764821	0.0100000000000000
0.471000000000000	0.00283222734544000	0.0100000000000000
0.472000000000000	0.0110961172215597	0.0100000000000000
0.473000000000000	0.0265094078610916	0.0100000000000000
0.474000000000000	-0.000686087481022345	0.0100000000000000
0.475000000000000	0.00623057389481837	0.0100000000000000
0.476000000000000	-0.00452940419058484	0.0100000000000000
0.477000000000000	0.0168633423624155	0.0100000000000000
0.478000000000000	-0.00255345932806212	0.0100000000000000
0.479000000000000	0.000848818298973410	0.0100000000000000
0.480000000000000	0.0235845535663567	0.0100000000000000
0.481000000000000	0.0175141349579164	0.0100000000000000
0.482000000000000	0.00164579309753138	0.0100000000000000
0.483000000000000	0.0192971405628867	0.0100000000000000
0.484000000000000	0.00246771265160857	0.0100000000000000
0.485000000000000	0.0100466272629206	0.0100000000000000
0.486000000000000	0.0272584512147526	0.0100000000000000
0.487000000000000	0.0314155957440987	0.0100000000000000
0.488000000000000	0.00434240439365423	0.0100000000000000
0.489000000000000	0.00840455619836350	0.0100000000000000
0.490000000000000	0.0190271950127524	0.0100000000000000
0.491000000000000	0.0146439085222674	0.0100000000000000
0.492000000000000	0.00617195344499313	0.0100000000000000
0.493000000000000	0.00634170188043963	0.0100000000000000
0.494000000000000	0.000531222534143352	0.0100000000000000
0.495000000000000	-0.0144122444212735	0.0100000000000000
0.496000000000000	0.00667800799403895	0.0100000000000000
0.497000000000000	-0.00379621934043242	0.0100000000000000
0.498000000000000	0.00584191641470500	0.0100000000000000
0.499000000000000	0.0327441789841676	0.0100000000000000
0.500000000000000	0.00834088665218858	0.0100000000000000
0.501000000000000	0.0230391217756828	0.0100000000000000
0.502000000000000	-0.00322043883752647	0.0100000000000000
0.503000000000000	0.0205862708219078	0.0100000000000000
0.504000000000000	-0.00896074966821005	0.0100000000000000
0.505000000000000	0.00492202088160981	0.0100000000000000
0.506000000000000	0.0105757836319656	0.0100000000000000
0.507000000000000	0.0138172514862451	0.0100000000000000
0.508000000000000	0.00632261905066968	0.0100000000000000
0.509000000000000	-0.00330690236336471	0.0100000000000000
0.510000000000000	-0.00471029134697269	0.0100000000000000
0.511000000000000	0.000197075017127060	0.0100000000000000
0.512000000000000	-0.00281975998104152	0.0100000000000000
0.513000000000000	0.00153533555499843	0.0100000000000000
0.514000000000000	-0.00222366959786300	0.0100000000000000
0.515000000000000	0.0196585867503769	0.0100000000000000
0.516000000000000	0.00989465783491181	0.0100000000000000
0.517000000000000	0.00998873495814868	0.0100000000000000
0.518000000000000	-0.00127617103018423	0.0100000000000000
0.519000000000000	0.00984249759190162	0.0100000000000000
0.520000000000000	0.0102662585685557	0.0100000000000000
0.521000000000000	-0.00236158934777721	0.0100000000000000
0.522000000000000	-0.00492902763380831	0.0100000000000000
0.523000000000000	-0.0124217623310963	0.0100000000000000
0.524000000000000	0.0156214503444345	0.0100000000000000
0.525000000000000	-0.00326106322133657	0.0100000000000000
0.526000000000000	0.00729574361397720	0.0100000000000000
0.527000000000000	0.00762846138289479	0.0100000000000000
0.528000000000000	0.00767947958303024	0.0100000000000000
0.529000000000000	0.000356245775417971	0.0100000000000000
0.530000000000000	0.00444672839647363	0.0100000000000000
0.531000000000000	0.00361402473469955	0.0100000000000000
0.532000000000000	0.0201527547954258	0.0100000000000000
0.533000000000000	-0.00492990622340806	0.0100000000000000
0.534000000000000	0.00454860381149283	0.0100000000000000
0.535000000000000	0.0172484879764372	0.0100000000000000
0.536000000000000	0.0107727986798330	0.0100000000000000
0.537000000000000	-0.00434141057438540	0.0100000000000000
0.538000000000000	0.0144516423900505	0.0100000000000000
0.539000000000000	-0.0205178760028515	0.0100000000000000
0.540000000000000	0.00155578930695995	0.0100000000000000
0.541000000000000	0.0221412409048790	0.0100000000000000
0.542000000000000	0.0114312747433476	0.0100000000000000
0.543000000000000	0.0143464952302318	0.0100000000000000
0.544000000000000	0.00548540763612047	0.0100000000000000
0.545000000000000	0.00259814734535182	0.0100000000000000
0.546000000000000	0.0133455649208415	0.0100000000000000
0.547000000000000	0.0295439021478188	0.0100000000000000
0.548000000000000	0.00367693554989988	0.0100000000000000
0.549000000000000	0.0207194713618551	0.0100000000000000
0.550000000000000	0.000945325461709896	0.0100000000000000
0.551000000000000	0.00202743648262649	0.0100000000000000
0.552000000000000	0.0128259301740534	0.0100000000000000
0.553000000000000	-0.00271080955480237	0.0100000000000000
0.554000000000000	0.0157242313279802	0.0100000000000000
0.555000000000000	-0.0105387807707068	0.0100000000000000
0.556000000000000	-0.0179206358584188	0.0100000000000000
0.557000000000000	0.00469125236433386	0.0100000000000000
0.558000000000000	0.00956348309839900	0.0100000000000000
0.559000000000000	0.0190235202971026	0.0100000000000000
0.560000000000000	0.00746157468846982	0.0100000000000000
0.561000000000000	0.0158049806506150	0.0100000000000000
0.562000000000000	0.00866264346942810	0.0100000000000000
0.563000000000000	0.0130487482111529	0.0100000000000000
0.564000000000000	-0.00343665536704515	0.0100000000000000
0.565000000000000	0.00548466283543662	0.0100000000000000
0.566000000000000	0.000268945329183680	0.0100000000000000
0.567000000000000	0.00387555043429462	0.0100000000000000
0.568000000000000	0.0292108710165033	0.0100000000000000
0.569000000000000	-0.00779784417422060	0.0100000000000000
0.570000000000000	0.00658516244589198	0.0100000000000000
0.571000000000000	0.00303441697844672	0.0100000000000000
0.572000000000000	0.0100376090537280	0.0100000000000000
0.573000000000000	0.0241711898754983	0.0100000000000000
0.574000000000000	0.0153684921624180	0.0100000000000000
0.575000000000000	-0.000322586730165850	0.0100000000000000
0.576000000000000	-0.00808974500668294	0.0100000000000000
0.577000000000000	0.0147294793696721	0.0100000000000000
0.578000000000000	-0.00366974154757461	0.0100000000000000
0.579000000000000	-0.000899107545249914	0.0100000000000000
0.580000000000000	0.0109092704512750	0.0100000000000000
0.581000000000000	-0.00896626985482975	0.0100000000000000
0.582000000000000	0.0218232930194473	0.0100000000000000
0.583000000000000	0.00729173576480070	0.0100000000000000
0.584000000000000	0.00392546391814293	0.0100000000000000
0.585000000000000	0.0143476016283196	0.0100000000000000
0.586000000000000	0.0143345478779710	0.0100000000000000
0.587000000000000	0.00378380206727379	0.0100000000000000
0.588000000000000	0.0173020013680919	0.0100000000000000
0.589000000000000	0.00995491160327123	0.0100000000000000
0.590000000000000	0.0172850183858436	0.0100000000000000
0.591000000000000	0.00892296398125256	0.0100000000000000
0.592000000000000	0.00438051321770229	0.0100000000000000
0.593000000000000	0.0237820589285094	0.0100000000000000
0.594000000000000	-0.00153429942547771	0.0100000000000000
0.595000000000000	0.0126317016818711	0.0100000000000000
0.596000000000000	0.0265277479700784	0.0100000000000000
0.597000000000000	0.00217333506491560	0.0100000000000000
0.598000000000000	0.0126560432709418	0.0100000000000000
0.599000000000000	0.00950801467956479	0.0100000000000000
0.600000000000000	0.00283270004669587	0.0100000000000000
0.601000000000000	0.00628215533343000	0.0100000000000000
0.602000000000000	0.0124979564073341	0.0100000000000000
0.603000000000000	0.0296071191050871	0.0100000000000000
0.604000000000000	0.0151887531382850	0.0100000000000000
0.605000000000000	0.00388557337186231	0.0100000000000000
0.606000000000000	-0.0134030328215443	0.0100000000000000
0.607000000000000	0.00882031958201135	0.0100000000000000
0.608000000000000	0.00894089426019084	0.0100000000000000
0.609000000000000	-0.00158254745821173	0.0100000000000000
0.610000000000000	0.0164265692686147	0.0100000000000000
0.611000000000000	0.0102426806021712	0.0100000000000000
0.612000000000000	0.0122034455845873	0.0100000000000000
0.613000000000000	0.00147286800390703	0.0100000000000000
0.614000000000000	-0.000503808615702560	0.0100000000000000
0.615000000000000	0.00166022682740834	0.0100000000000000
0.616000000000000	-0.00477185233729732	0.0100000000000000
0.617000000000000	0.00110769716870632	0.0100000000000000
0.618000000000000	0.0136004226108432	0.0100000000000000
0.619000000000000	-0.0162228369133915	0.0100000000000000
0.620000000000000	-0.0113907547267933	0.0100000000000000
0.621000000000000	0.00659291353188444	0.0100000000000000
0.622000000000000	0.00960969705228942	0.0100000000000000
0.623000000000000	-0.00316607289565048	0.0100000000000000
0.624000000000000	0.0116837482912773	0.0100000000000000
0.625000000000000	0.0189063533289238	0.0100000000000000
0.626000000000000	0.0131501092301657	0.0100000000000000
0.627000000000000	-0.00932510949613740	0.0100000000000000
0.628000000000000	-0.00100093700152131	0.0100000000000000
0.629000000000000	-0.00223790232177085	0.0100000000000000
0.630000000000000	0.00290788783797888	0.0100000000000000
0.631000000000000	-0.000422577771095995	0.0100000000000000
0.632000000000000	-0.00213135042435802	0.0100000000000000
0.633000000000000	0.0253781309459241	0.0100000000000000
0.634000000000000	0.00294318060485403	0.0100000000000000
0.635000000000000	0.00474212457317657	0.0100000000000000
0.636000000000000	0.00912317152902256	0.0100000000000000
0.637000000000000	-0.0110697726138304	0.0100000000000000
0.638000000000000	-0.00517137586779207	0.0100000000000000
0.639000000000000	0.0109357843939813	0.0100000000000000
0.640000000000000	0.00974285627490455	0.0100000000000000
0.641000000000000	-0.00538975883446542	0.0100000000000000
0.642000000000000	0.0174681442845321	0.0100000000000000
0.643000000000000	0.00553498691533392	0.0100000000000000
0.644000000000000	0.00760977161213342	0.0100000000000000
0.645000000000000	0.00727583102773599	0.0100000000000000
0.646000000000000	0.000673073482589353	0.0100000000000000
0.647000000000000	-0.0121504698414005	0.0100000000000000
0.648000000000000	0.00484275643701750	0.0100000000000000
0.649000000000000	-0.00950932574500154	0.0100000000000000
0.650000000000000	0.00448221822742635	0.0100000000000000
0.651000000000000	0.00819058974313116	0.0100000000000000
0.652000000000000	0.00808462912788460	0.0100000000000000
0.653000000000000	-0.00777012409522611	0.0100000000000000
0.654000000000000	0.00974589009358587	0.0100000000000000
0.655000000000000	-0.00603780129707825	0.0100000000000000
0.656000000000000	0.00857026060476648	0.0100000000000000
0.657000000000000	0.0120719648813211	0.0100000000000000
0.658000000000000	0.0220101004021362	0.0100000000000000
0.659000000000000	-0.0144961710560597	0.0100000000000000
0.660000000000000	0.0142899961329530	0.0100000000000000
0.661000000000000	0.00436106613441874	0.0100000000000000
0.662000000000000	0.00521449821541425	0.0100000000000000
0.663000000000000	0.000328279551802832	0.0100000000000000
0.664000000000000	0.00827832954660556	0.0100000000000000
0.665000000000000	0.00333482995411690	0.0100000000000000
0.666000000000000	-0.000282646707735360	0.0100000000000000
0.667000000000000	0.000502740087268338	0.0100000000000000
0.668000000000000	0.0120351331289235	0.0100000000000000
0.669000000000000	0.0107718726330488	0.0100000000000000
0.670000000000000	0.0168448286010333	0.0100000000000000
0.671000000000000	0.00945090821408297	0.0100000000000000
0.672000000000000	0.00434519072528154	0.0100000000000000
0.673000000000000	-0.00559717630586712	0.0100000000000000
0.674000000000000	0.00891662523612914	0.0100000000000000
0.675000000000000	0.00268498566546968	0.0100000000000000
0.676000000000000	0.00794781193353569	0.0100000000000000
0.677000000000000	0.0144601471499108	0.0100000000000000
0.678000000000000	0.000767405559059337	0.0100000000000000
0.679000000000000	0.000854641941515126	0.0100000000000000
0.680000000000000	0.00306651542193785	0.0100000000000000
0.681000000000000	0.00776555101908209	0.0100000000000000
0.682000000000000	0.0259899019390335	0.0100000000000000
0.683000000000000	-0.00312760486860324	0.0100000000000000
0.684000000000000	0.0189812619270772	0.0100000000000000
0.685000000000000	0.00340825343554928	0.0100000000000000
0.686000000000000	0.0145219617431086	0.0100000000000000
0.687000000000000	0.00612042324097531	0.0100000000000000
0.688000000000000	0.000161528723955351	0.0100000000000000
0.689000000000000	0.00289187622437673	0.0100000000000000
0.690000000000000	0.0150527745844452	0.0100000000000000
0.691000000000000	0.0181119532091452	0.0100000000000000
0.692000000000000	0.0150343440471957	0.0100000000000000
0.693000000000000	-0.000233585330303050	0.0100000000000000
0.694000000000000	-0.00750427766945161	0.0100000000000000
0.695000000000000	0.00937247347650820	0.0100000000000000
0.696000000000000	0.0106234343498041	0.0100000000000000
0.697000000000000	-0.0198020729361674	0.0100000000000000
0.698000000000000	0.00554551391947663	0.0100000000000000
0.699000000000000	0.0262386080993565	0.0100000000000000
0.700000000000000	0.00337841173855892	0.0100000000000000
0.701000000000000	-0.00119940648809954	0.0100000000000000
0.702000000000000	-0.00485531575147110	0.0100000000000000
0.703000000000000	-0.0129074123436871	0.0100000000000000
0.704000000000000	0.000287653035890144	0.0100000000000000
0.705000000000000	0.00817624179469111	0.0100000000000000
0.706000000000000	-0.00469715306098378	0.0100000000000000
0.707000000000000	0.00765654620654967	0.0100000000000000
0.708000000000000	0.0129816320607304	0.0100000000000000
0.709000000000000	-0.000850883123307030	0.0100000000000000
0.710000000000000	0.00998430712858829	0.0100000000000000
0.711000000000000	0.0106973751660309	0.0100000000000000
0.712000000000000	0.00459482948688046	0.0100000000000000
0.713000000000000	0.0245678242468687	0.0100000000000000
0.714000000000000	-0.00773819608976425	0.0100000000000000
0.715000000000000	0.00771520137776283	0.0100000000000000
0.716000000000000	-0.00432215335759904	0.0100000000000000
0.717000000000000	-0.00229141986206730	0.0100000000000000
0.718000000000000	0.00931691242491445	0.0100000000000000
0.719000000000000	0.0158172571828009	0.0100000000000000
0.720000000000000	0.00657061111610111	0.0100000000000000
0.721000000000000	0.0178994771992450	0.0100000000000000
0.722000000000000	-0.00446870668337264	0.0100000000000000
0.723000000000000	0.00819591184714232	0.0100000000000000
0.724000000000000	-0.000512818491006287	0.0100000000000000
0.725000000000000	-0.00279542918271048	0.0100000000000000
0.726000000000000	-0.0215552479479859	0.0100000000000000
0.727000000000000	0.0123445168073120	0.0100000000000000
0.728000000000000	0.0234737372278125	0.0100000000000000
0.729000000000000	0.00970434217408131	0.0100000000000000
0.730000000000000	0.0184540970814317	0.0100000000000000
0.731000000000000	0.00526376369253069	0.0100000000000000
0.732000000000000	-0.00764698076730098	0.0100000000000000
0.733000000000000	-0.00408401827343237	0.0100000000000000
0.734000000000000	-0.00340224831625919	0.0100000000000000
0.735000000000000	0.0156320796464910	0.0100000000000000
0.736000000000000	-0.000211226154649108	0.0100000000000000
0.737000000000000	0.00549114184256361	0.0100000000000000
0.738000000000000	-0.00877020821789882	0.0100000000000000
0.739000000000000	0.00271538278726603	0.0100000000000000
0.740000000000000	-0.0117276863383392	0.0100000000000000
0.741000000000000	-0.00250804329490909	0.0100000000000000
0.742000000000000	0.0120965203858832	0.0100000000000000
0.743000000000000	0.0215837992559440	0.0100000000000000
0.744000000000000	0.00932760285064825	0.0100000000000000
0.745000000000000	0.00543169619342157	0.0100000000000000
0.746000000000000	0.0151782756732694	0.0100000000000000
0.747000000000000	0.0117125025148994	0.0100000000000000
0.748000000000000	-0.0200695277378697	0.0100000000000000
0.749000000000000	-0.0135093868392173	0.0100000000000000
0.750000000000000	-0.00393991666065946	0.0100000000000000
0.751000000000000	-0.00435485658858175	0.0100000000000000
0.752000000000000	-0.0116332291226545	0.0100000000000000
0.753000000000000	-0.00242531710252190	0.0100000000000000
0.754000000000000	-0.00496620799739018	0.0100000000000000
0.755000000000000	0.0153364035128945	0.0100000000000000
0.756000000000000	-0.00177670653191172	0.0100000000000000
0.757000000000000	-0.00844796358805396	0.0100000000000000
0.758000000000000	0.000138916813513227	0.0100000000000000
0.759000000000000	-0.00255845449909394	0.0100000000000000
0.760000000000000	0.00690272643079118	0.0100000000000000
0.761000000000000	0.00195842555287993	0.0100000000000000
0.762000000000000	-0.0105934635821196	0.0100000000000000
0.763000000000000	0.0100555877619681	0.0100000000000000
0.764000000000000	0.000603720993451382	0.0100000000000000
0.765000000000000	-0.00176586060356073	0.0100000000000000
0.766000000000000	-0.00429212243655175	0.0100000000000000
0.767000000000000	0.0121564117570090	0.0100000000000000
0.768000000000000	0.00312012208076011	0.0100000000000000
0.769000000000000	-0.0113264958172954	0.0100000000000000
0.770000000000000	0.0259019880320158	0.0100000000000000
0.771000000000000	0.000769818279640848	0.0100000000000000
0.772000000000000	0.00689032189960999	0.0100000000000000
0.773000000000000	0.00772123878671134	0.0100000000000000
0.774000000000000	-0.00889887065906350	0.0100000000000000
0.775000000000000	0.0163715576713281	0.0100000000000000
0.776000000000000	0.00666524744598718	0.0100000000000000
0.777000000000000	0.00558477788683559	0.0100000000000000
0.778000000000000	0.0176490390596561	0.0100000000000000
0.779000000000000	0.00572824780568667	0.0100000000000000
0.780000000000000	-0.0130906340837433	0.0100000000000000
0.781000000000000	0.00396676278662146	0.0100000000000000
0.782000000000000	0.0157926037098558	0.0100000000000000
0.783000000000000	0.0162445675517483	0.0100000000000000
0.784000000000000	0.00676082950954008	0.0100000000000000
0.785000000000000	-0.0128246067152392	0.0100000000000000
0.786000000000000	0.0150708030559416	0.0100000000000000
0.787000000000000	0.00352905119393215	0.0100000000000000
0.788000000000000	0.00601853307117836	0.0100000000000000
0.789000000000000	0.0169092665998228	0.0100000000000000
0.790000000000000	0.00812124498957070	0.0100000000000000
0.791000000000000	-0.0331311071325214	0.0100000000000000
0.792000000000000	-0.0125487364702161	0.0100000000000000
0.793000000000000	-0.00419373840407324	0.0100000000000000
0.794000000000000	-0.00882860328040859	0.0100000000000000
0.795000000000000	0.00561711155549807	0.0100000000000000
0.796000000000000	0.00560047068985570	0.0100000000000000
0.797000000000000	-0.00285172375216807	0.0100000000000000
0.798000000000000	0.0157727136194309	0.0100000000000000
0.799000000000000	-0.00380379476015759	0.0100000000000000
0.800000000000000	0.000620155315700177	0.0100000000000000
0.801000000000000	-0.00259847582456659	0.0100000000000000
0.802000000000000	-0.00488991582341182	0.0100000000000000
0.803000000000000	0.00462043191418972	0.0100000000000000
0.804000000000000	-0.00986756044297310	0.0100000000000000
0.805000000000000	0.000951986038898304	0.0100000000000000
0.806000000000000	0.0123772118166220	0.0100000000000000
0.807000000000000	0.0122119977540318	0.0100000000000000
0.808000000000000	-0.0153861167228678	0.0100000000000000
0.809000000000000	0.00814233253361697	0.0100000000000000
0.810000000000000	-0.000504080377737935	0.0100000000000000
0.811000000000000	0.00858190404156779	0.0100000000000000
0.812000000000000	0.00579863884263334	0.0100000000000000
0.813000000000000	0.000917824154553799	0.0100000000000000
0.814000000000000	0.00394670117500755	0.0100000000000000
0.815000000000000	0.0101601907873188	0.0100000000000000
0.816000000000000	0.0113428153577742	0.0100000000000000
0.817000000000000	-0.00341279329633689	0.0100000000000000
0.818000000000000	-0.00918777288639768	0.0100000000000000
0.819000000000000	-0.000103003624794748	0.0100000000000000
0.820000000000000	0.0142893497827100	0.0100000000000000
0.821000000000000	0.00751948841836747	0.0100000000000000
0.822000000000000	0.00803337544826039	0.0100000000000000
0.823000000000000	-0.000329830734125500	0.0100000000000000
0.824000000000000	-0.00355888168139629	0.0100000000000000
0.825000000000000	0.0248703537033494	0.0100000000000000
0.826000000000000	0.00305072432468097	0.0100000000000000
0.827000000000000	0.00377231054619108	0.0100000000000000
0.828000000000000	0.00137039027469900	0.0100000000000000
0.829000000000000	0.00480711410656841	0.0100000000000000
0.830000000000000	0.000917474295138265	0.0100000000000000
0.831000000000000	-0.00632689546094754	0.0100000000000000
0.832000000000000	0.00904740596438009	0.0100000000000000
0.833000000000000	0.0185186340837707	0.0100000000000000
0.834000000000000	0.00597226986832800	0.0100000000000000
0.835000000000000	-0.00331514015486390	0.0100000000000000
0.836000000000000	0.00469356451854433	0.0100000000000000
0.837000000000000	0.0143352491003606	0.0100000000000000
0.838000000000000	0.0219666119363750	0.0100000000000000
0.839000000000000	-0.00991426157120829	0.0100000000000000
0.840000000000000	0.00528127233458670	0.0100000000000000
0.841000000000000	-0.000188637309178300	0.0100000000000000
0.842000000000000	0.00959324811623115	0.0100000000000000
0.843000000000000	0.00583945890573616	0.0100000000000000
0.844000000000000	-0.00173292554733400	0.0100000000000000
0.845000000000000	-0.0139154633021018	0.0100000000000000
0.846000000000000	-0.00798220695038218	0.0100000000000000
0.847000000000000	-0.00190139583384702	0.0100000000000000
0.848000000000000	0.00142861622551724	0.0100000000000000
0.849000000000000	0.0159261314600797	0.0100000000000000
0.850000000000000	-0.00177402328482918	0.0100000000000000
0.851000000000000	0.00789503313696355	0.0100000000000000
0.852000000000000	0.0132358942776289	0.0100000000000000
0.853000000000000	0.00649725259485453	0.0100000000000000
0.854000000000000	0.00503156709677307	0.0100000000000000
0.855000000000000	-0.00191892251260372	0.0100000000000000
0.856000000000000	0.0126026471131716	0.0100000000000000
0.857000000000000	0.0204784907646286	0.0100000000000000
0.858000000000000	0.00895046688623194	0.0100000000000000
0.859000000000000	0.00727099787819155	0.0100000000000000
0.860000000000000	0.00655429007388106	0.0100000000000000
0.861000000000000	0.0145436158122516	0.0100000000000000
0.862000000000000	0.000896862506635939	0.0100000000000000
0.863000000000000	-0.000913519378413877	0.0100000000000000
0.864000000000000	0.00952955713035211	0.0100000000000000
0.865000000000000	0.00114854950864975	0.0100000000000000
0.866000000000000	0.0131339771610720	0.0100000000000000
0.867000000000000	-0.0104206025263662	0.0100000000000000
0.868000000000000	0.0174840916322574	0.0100000000000000
0.869000000000000	-0.00308357718414029	0.0100000000000000
0.870000000000000	0.00661025805616311	0.0100000000000000
0.871000000000000	-0.000451944069700790	0.0100000000000000
0.872000000000000	0.0113645746735217	0.0100000000000000
0.873000000000000	-0.00994417199811962	0.0100000000000000
0.874000000000000	-0.00644025735332121	0.0100000000000000
0.875000000000000	0.0205582686307277	0.0100000000000000
0.876000000000000	-0.00551769188005379	0.0100000000000000
0.877000000000000	-0.00274582130644057	0.0100000000000000
0.878000000000000	0.00486256171168910	0.0100000000000000
0.879000000000000	-0.00374622567822000	0.0100000000000000
0.880000000000000	0.00570925894250345	0.0100000000000000
0.881000000000000	0.0160027559572340	0.0100000000000000
0.882000000000000	0.00493150783051831	0.0100000000000000
0.883000000000000	0.0215076394713859	0.0100000000000000
0.884000000000000	-0.0102505835277197	0.0100000000000000
0.885000000000000	0.00140130083612168	0.0100000000000000
0.886000000000000	-0.00449183831275010	0.0100000000000000
0.887000000000000	0.00793432844549309	0.0100000000000000
0.888000000000000	-0.00836667426469584	0.0100000000000000
0.889000000000000	-0.0133453806660507	0.0100000000000000
0.890000000000000	0.000315721727412064	0.0100000000000000
0.891000000000000	-0.0138989640713632	0.0100000000000000
0.892000000000000	-0.00472937905627041	0.0100000000000000
0.893000000000000	-0.00122118711125329	0.0100000000000000
0.894000000000000	-0.0124519883938923	0.0100000000000000
0.895000000000000	0.00989109376513655	0.0100000000000000
0.896000000000000	0.00730792589025127	0.0100000000000000
0.897000000000000	-0.00201988024755686	0.0100000000000000
0.898000000000000	-0.00967211077267955	0.0100000000000000
0.899000000000000	0.00149793387041576	0.0100000000000000
0.900000000000000	0.00257190024098474	0.0100000000000000
0.901000000000000	-0.0174796566650132	0.0100000000000000
0.902000000000000	0.0173233064501188	0.0100000000000000
0.903000000000000	0.00860364616437375	0.0100000000000000
0.904000000000000	-0.0132880218269292	0.0100000000000000
0.905000000000000	0.0240272870725438	0.0100000000000000
0.906000000000000	0.00270998423255743	0.0100000000000000
0.907000000000000	-0.0104896626356262	0.0100000000000000
0.908000000000000	-0.00501744007640669	0.0100000000000000
0.909000000000000	0.00686874307699261	0.0100000000000000
0.910000000000000	-0.0101577411283299	0.0100000000000000
0.911000000000000	-0.000496770462100304	0.0100000000000000
0.912000000000000	0.00322198671383490	0.0100000000000000
0.913000000000000	-1.44072533286776e-05	0.0100000000000000
0.914000000000000	0.00627013042534457	0.0100000000000000
0.915000000000000	-0.00288856221763316	0.0100000000000000
0.916000000000000	0.00172442279415107	0.0100000000000000
0.917000000000000	0.00613480657305579	0.0100000000000000
0.918000000000000	-0.0179755517055186	0.0100000000000000
0.919000000000000	-0.0149590004180000	0.0100000000000000
0.920000000000000	-0.00645005945636878	0.0100000000000000
0.921000000000000	0.00501678698482190	0.0100000000000000
0.922000000000000	0.00624368696114287	0.0100000000000000
0.923000000000000	-0.00309808122072364	0.0100000000000000
0.924000000000000	0.0173347979970467	0.0100000000000000
0.925000000000000	0.0155377693207693	0.0100000000000000
0.926000000000000	0.00243386027497566	0.0100000000000000
0.927000000000000	0.0374573838550673	0.0100000000000000
0.928000000000000	0.000545961332160158	0.0100000000000000
0.929000000000000	0.0140299894481649	0.0100000000000000
0.930000000000000	0.00356272107368941	0.0100000000000000
0.931000000000000	-0.0130587743009387	0.0100000000000000
0.932000000000000	0.0229848304307424	0.0100000000000000
0.933000000000000	-0.00645235142184364	0.0100000000000000
0.934000000000000	0.00491702208458699	0.0100000000000000
0.935000000000000	0.0233844393711555	0.0100000000000000
0.936000000000000	0.0106000835305197	0.0100000000000000
0.937000000000000	0.00787922053785422	0.0100000000000000
0.938000000000000	0.00271143945148055	0.0100000000000000
0.939000000000000	0.00661394307669013	0.0100000000000000
0.940000000000000	0.0230597599778899	0.0100000000000000
0.941000000000000	-0.000455266586801720	0.0100000000000000
0.942000000000000	0.00193500169905144	0.0100000000000000
0.943000000000000	-0.000409266064940466	0.0100000000000000
0.944000000000000	2.20794890077505e-05	0.0100000000000000
0.945000000000000	0.00241381601007144	0.0100000000000000
0.946000000000000	0.0103233338070050	0.0100000000000000
0.947000000000000	0.00501264772215069	0.0100000000000000
0.948000000000000	-0.00348075315099690	0.0100000000000000
0.949000000000000	0.0206419258642851	0.0100000000000000
0.950000000000000	-0.00457752305430393	0.0100000000000000
0.951000000000000	0.000809605457185155	0.0100000000000000
0.952000000000000	0.00491071081279818	0.0100000000000000
0.953000000000000	-0.0127165825747540	0.0100000000000000
0.954000000000000	-0.00598964783767015	0.0100000000000000
0.955000000000000	-0.00883971691515332	0.0100000000000000
0.956000000000000	-0.0225503680459658	0.0100000000000000
0.957000000000000	0.0254182690146446	0.0100000000000000
0.958000000000000	-0.00321966319074332	0.0100000000000000
0.959000000000000	0.0124800355059819	0.0100000000000000
0.960000000000000	0.00424698373466396	0.0100000000000000
0.961000000000000	-0.00587073819698703	0.0100000000000000
0.962000000000000	0.00366231670816786	0.0100000000000000
0.963000000000000	0.00810919746960361	0.0100000000000000
0.964000000000000	-0.00737081425001114	0.0100000000000000
0.965000000000000	0.0160339354639282	0.0100000000000000
0.966000000000000	0.0160168152740352	0.0100000000000000
0.967000000000000	0.00307023286173123	0.0100000000000000
0.968000000000000	0.0101829435798046	0.0100000000000000
0.969000000000000	-0.00815097143662419	0.0100000000000000
0.970000000000000	0.00974931409420476	0.0100000000000000
0.971000000000000	0.00274301300632030	0.0100000000000000
0.972000000000000	0.0201068297888257	0.0100000000000000
0.973000000000000	-0.00555344633295511	0.0100000000000000
0.974000000000000	0.0241279467908598	0.0100000000000000
0.975000000000000	0.00420930556060544	0.0100000000000000
0.976000000000000	0.00845916931041154	0.0100000000000000
0.977000000000000	0.0184950193866929	0.0100000000000000
0.978000000000000	0.0150248971323669	0.0100000000000000
0.979000000000000	-0.00476754205488486	0.0100000000000000
0.980000000000000	-0.00516563331239633	0.0100000000000000
0.981000000000000	-0.00516575927936553	0.0100000000000000
0.982000000000000	0.0147256963430335	0.0100000000000000
0.983000000000000	0.00261697757531857	0.0100000000000000
0.984000000000000	-0.000477352641066196	0.0100000000000000
0.985000000000000	0.00479078913021845	0.0100000000000000
0.986000000000000	0.0143191305390192	0.0100000000000000
0.987000000000000	0.00236844774864310	0.0100000000000000
0.988000000000000	0.00704606170531536	0.0100000000000000
0.989000000000000	-0.0192049141664427	0.0100000000000000
0.990000000000000	-0.00273074286372366	0.0100000000000000
0.991000000000000	-0.00672473051855984	0.0100000000000000
0.992000000000000	-0.00245438055479804	0.0100000000000000
0.993000000000000	-0.00368640599147636	0.0100000000000000
0.994000000000000	-0.000291663810014392	0.0100000000000000
0.995000000000000	-0.000987698559176025	0.0100000000000000
0.996000000000000	0.0104992568296778	0.0100000000000000
0.997000000000000	0.0182788876764336	0.0100000000000000
0.998000000000000	-0.0114359538725633	0.0100000000000000
0.999000000000000	0.0214391730430431	0.0100000000000000
1	0.0167376528424883	0.0100000000000000